NMLuLC_Particles;NMLGZN_Particles;NMLxJI_Particles;NMLZqS_Particles;NMLQwu_Particles;NMLmTl_Particles;NMLoTQ_Particles;NMLOWZ_Particles;NMLRQs_Particles;NMLnvy_Particles;NMLcKK_Particles;NMLRGn_Particles;NMLfVo_Particles;NMLhCk_ParticlesTime;NMLKDk_Particles;NMLklP_Particles;NMLUeW_Particles;NMLcly_Particles;NMLKgL_Particles;NMLlKG_Particles;NMLLrj_Particles;NMLven_Particles;NMLmJi_Particles;NMLjve_Particles;NMLyej_Particles;NMLKIe_Particles;NMLJZY_Particles;NMLgjI_Particles;NMLdKi_Particles;NMLJqZ_Particles;NMLtZv_Particles;NMLuST_ParticlesTime;NMLSZH_Particles;NMLfxM_Particles;NMLEDC_ParticlesTime;NMLWko_Particles;NMLJYy_Particles;NMLfnC_Particles;NMLNrs_Particles;NMLkRT_Particles;NMLiwH_Particles;NMLvQR_Particles;NMLrgf_Particles;NMLQkk_Particles;NMLuVH_Particles;NMLMXp_Particles;NMLxjU_Particles;NMLyDe_Particles;NMLHlH_Particles;NMLMdl_Particles;
17000;9954;7955;10414;14135;15212;7740;3954;16850;9197;11617;2182;4766;13254;16593;7393;10858;17614;16028;4236;8990;3282;10001;8208;4884;15727;8826;11505;1577;8257;5717;14929;18211;13673;5344;12347;5237;9436;16301;18439;18634;7918;16973;19752;17524;13566;7145;8382;7533;3174;
8971;12875;2808;15324;1084;4044;11051;9910;15550;12628;18168;1267;7558;16379;11292;9254;5078;12881;18690;17731;11320;13676;2001;8293;13429;19525;18212;574;7908;2097;100;16879;14972;19260;8555;12408;3305;19607;2319;15207;8587;487;12826;16145;13218;4119;1751;14649;13352;16794;
12380;4673;6822;14382;9318;251;10259;7530;17178;18167;5979;13630;11398;952;12891;19954;13360;16196;15913;12031;11403;4500;8870;4229;16998;18441;4700;18749;13090;18053;11895;5470;19078;18718;16204;8396;18969;6464;12279;12499;983;18258;6130;12382;15562;19021;8688;5275;11569;4601;
13658;2972;9101;2529;3553;6099;970;4606;1201;14060;2659;13096;15882;18089;11814;12087;6485;7136;14903;15116;15987;15886;13375;2117;4620;5289;17490;9660;6916;5411;14261;575;8383;19715;3104;8289;2166;4074;12895;19719;14486;11906;9168;6720;9995;17334;18807;12832;822;10062;
7949;16810;5949;17676;15279;10569;2965;9122;230;9882;14533;10843;10457;19269;6910;9913;7558;5429;10339;16805;5148;4825;8711;14316;11545;15058;8003;6705;7890;8825;16767;15839;5635;19068;13515;915;9638;12833;10037;6220;19067;922;13415;5876;191;326;15789;7749;2107;6128;
4554;7255;7305;9617;17924;15202;4675;5927;1907;12566;11104;15027;4757;16740;14095;14625;14007;85;7458;396;2657;2877;1318;16073;8753;1510;12751;4542;9259;14858;7022;10166;18465;14327;16135;12741;9529;811;15020;7789;9729;6125;19168;14486;2865;13263;9111;13224;9701;12921;
13620;12358;15798;14938;4783;4551;12800;13886;5445;18412;5096;12467;4930;3562;6794;1065;12655;12676;1876;7676;465;11605;10153;19633;2444;13018;9248;11555;2594;15301;829;16214;4012;16627;7504;8795;17531;16657;19034;2976;15069;4130;15444;19999;4044;18590;1064;16700;11266;19293;
728;8083;10898;10881;4068;13342;251;13317;1250;2845;4970;2079;15411;8982;15058;19267;14130;12589;15924;13164;15566;7345;13646;7362;7344;17691;5952;4761;10743;13571;4054;11471;1654;11304;18704;5723;4647;15307;15392;2249;18152;362;4328;9915;5697;19386;5534;19827;11976;17811;
9343;3894;5156;2989;7608;12501;17032;13560;13614;4127;3483;17668;15598;1490;8972;10654;7213;9971;5961;18957;12220;465;15671;12900;6732;1368;12287;12267;17547;615;10078;3242;861;15234;2584;8469;4087;19616;18381;17701;3744;18217;11721;15694;19707;694;2701;3272;7017;8662;
2229;19238;5480;17900;12138;12212;15621;777;4479;9520;17744;14557;12763;14957;6144;11699;3426;10231;7667;18160;4285;7763;16377;16006;19810;16084;13052;2511;19356;70;7525;17937;19308;13005;12189;7798;5218;4162;4928;6049;13683;19024;16959;2798;13982;3103;14497;13760;9686;18516;
11920;10323;6280;4649;6330;6090;733;19382;4953;16441;19452;12478;10730;15112;1836;2920;2911;7054;7082;4191;9455;17117;3215;6414;19915;17197;5869;10764;10958;15556;5633;19230;5879;11913;3880;8561;14355;965;7944;19308;13759;3748;11786;4489;18861;13622;7409;18124;17028;14492;
2315;6484;7961;5530;9250;7877;19080;15120;14993;6390;10676;626;5620;12907;8891;9500;1469;3246;6818;5765;18906;577;9513;10693;5066;8374;667;12476;2850;14048;3320;5165;16884;11281;7048;6134;15510;2480;1254;6856;8870;8282;3834;14490;1190;12726;343;19011;12324;3513;
4776;11231;4090;14289;18276;9156;19016;15295;17984;18218;9343;17656;19736;2579;8938;3136;8714;800;5616;6320;7656;14486;14603;11491;5328;12145;569;2023;11156;12893;5536;12284;4124;5978;2925;2400;15135;18293;17696;9471;16512;3391;7128;16248;5971;12418;19384;14685;13218;5000;
17357;17227;15838;11960;5070;17518;457;5639;15894;7965;14884;17782;249;19009;3761;3175;17761;15248;1468;15457;4719;17980;15201;11847;10580;1172;617;9964;12209;13836;11316;9566;11063;3506;17879;12485;17377;18336;18124;13271;6302;13008;11053;2903;8369;11166;6078;6131;6414;3899;
17940;11134;1879;13141;19333;8812;10665;19951;15128;2874;10139;6445;8793;17554;6303;6672;10039;3680;1360;4515;13303;4014;17523;709;3270;2245;11875;9348;8376;18290;13247;2668;5776;11479;15810;5109;16643;2827;1412;11771;5702;11551;18216;10847;9105;872;13871;19144;904;11583;
11;14208;15598;17535;14917;18868;16132;3144;4568;860;1434;14168;3528;7210;1999;15690;8672;18642;18518;10084;10413;572;1636;4982;11419;7093;5854;5290;2590;6758;16873;2601;17318;8823;16488;8587;4043;12620;11732;8612;13480;9518;19132;13361;13081;1131;9051;1753;19773;3921;
8189;6538;4493;6177;11520;12264;13271;13726;17554;15861;16837;10780;14814;14155;19603;11303;19095;19999;3923;7179;8611;13756;13049;4095;7117;6130;5226;12520;4235;1351;16442;12425;7889;935;14954;15762;13200;4577;9488;7106;16790;2677;14238;11605;13185;13842;2908;12280;10193;3183;
15811;18804;13291;8860;19251;408;14991;4477;12929;15578;2180;5723;4355;10069;3010;19310;2183;12562;3887;8024;19669;678;10701;13907;8635;3886;4101;11543;12518;14294;11078;8329;9450;4370;17190;8701;1130;8533;9530;10411;463;11710;16134;4819;18132;19145;481;315;11707;720;
8339;7728;1398;19041;17988;10033;19279;18441;17928;11798;12736;9007;16479;18538;9729;10021;3592;10859;14906;13122;1271;15370;1185;13757;16541;19317;9254;17022;19632;962;17742;4324;5042;15493;19717;3030;1878;18996;17824;19807;7146;6912;5166;3626;5450;14895;9999;5394;2106;1258;
18517;19729;16628;16054;13487;9521;15371;19093;6543;11355;55;637;15679;1450;16130;15396;832;14361;10745;18656;14168;17891;5568;15686;17869;7371;6933;4221;12765;9039;5479;7634;5121;2107;3688;14960;11628;19059;14053;14523;10415;10461;11512;2446;11911;3995;14195;9095;18356;4940;
7752;12524;2831;9672;8210;17053;17043;15143;1274;6161;534;6753;13795;5655;5212;17484;16967;13192;12895;11021;7715;19662;1482;15579;2109;9745;19574;16304;18840;17930;1244;6592;10454;427;12617;15016;17480;6012;6511;18754;12173;3398;1859;5969;9053;7071;3453;6021;263;16348;
13394;4330;16011;14876;19910;14472;4621;19484;10776;19813;17415;8372;2758;4221;8799;15375;15590;2632;1387;18453;17738;13561;1851;19598;19530;7257;6669;19335;9630;6933;12035;3024;7615;4398;14252;7525;18870;18873;3362;5998;15038;777;14370;17796;1350;19522;13171;13292;2154;10911;
11746;16244;4472;13597;15842;354;854;2512;16041;10484;5797;8076;9860;13412;8827;4112;17290;7697;19337;652;10048;14376;17781;4418;12172;19131;292;1696;12424;18798;12607;522;15043;13431;14119;10885;10137;11326;9749;6178;1810;15546;10606;11671;5311;19433;12135;2601;7131;11473;
3253;17179;5849;1034;17949;18021;16517;14594;16069;5293;9744;8676;5815;4787;2107;19935;12025;8596;11261;18126;14774;9423;13673;5381;17446;15336;4814;9582;17937;8297;1055;1190;1828;6904;18576;16130;1277;15093;7076;17347;387;16820;2375;6202;17960;835;2489;6337;9431;13750;
4463;4206;19526;14488;5939;16972;9824;7105;2906;7761;11755;3961;5303;13583;7217;3879;6065;4847;15325;13141;18546;15712;6314;921;18266;4274;18108;756;6963;7540;10858;11426;8098;10384;5915;14037;3709;15739;17494;6615;3501;9249;6929;5156;19185;14146;9036;5250;15345;4361;
14744;13891;16425;1058;11165;14691;1684;9273;11799;8647;16813;2658;16425;1263;9394;2340;11652;13103;18080;9147;19719;17933;18396;6648;3089;17581;17146;8477;19184;12492;9190;10280;2735;5615;11338;13900;16659;9374;19526;4810;14373;12691;7468;10798;13955;13215;9491;1959;6318;3923;
11106;2389;1856;5855;9037;1297;19788;2536;9775;18972;11380;15317;9252;14115;933;16942;4368;13944;2668;246;18754;13393;12937;2575;544;3244;15790;10035;5204;18460;13958;16310;850;12166;18517;6239;13463;18306;8775;19590;13630;16507;14908;19235;6975;12193;12529;7695;2489;11550;
7941;17595;4943;878;170;5487;475;12312;15522;5679;10773;5832;18341;7975;17998;16859;14214;7814;11517;19342;3756;5147;15849;15016;734;19176;3561;13264;6871;6050;4814;14812;3646;6109;12043;168;11597;12518;8833;3471;14549;15958;9304;12890;3933;3654;6101;14499;7820;17618;
10193;7929;19118;6043;2945;19852;1571;2859;9468;8443;8909;10634;19607;8907;16744;8002;5428;4693;16872;14261;8164;11421;10219;13820;664;14152;13827;6765;5003;17999;736;15197;5928;16206;17592;5226;12410;19163;8085;1879;3958;13346;8865;3566;2254;1961;11568;4034;6654;8441;
18295;11171;19862;8514;1343;16878;19018;15170;19996;4021;13170;17084;15570;15450;13290;13162;17028;5700;8678;5113;3931;12636;14812;9149;16202;13418;11110;7771;17452;17765;12564;15747;5288;8778;4261;6631;5657;19631;18154;5653;4;7676;2737;15575;3126;12379;5089;155;18079;13767;
1620;18363;6404;16432;7512;2606;9850;14974;6729;3654;12739;19293;19401;14379;8072;14;1011;10081;19645;19165;15734;16002;6841;14823;11577;6319;7202;16666;6474;1633;10434;4447;16348;13190;879;3860;15796;7082;18835;18878;10736;7926;18171;6490;18658;2595;6504;19669;12676;2502;
15186;4762;18504;2027;19585;6433;8346;3139;19451;11173;1125;6237;11972;17473;19427;9203;17686;11576;16285;12873;10454;3374;17151;4977;9864;15809;7573;12720;15478;16601;15222;10664;1364;10078;9043;17301;16511;13742;441;15963;1267;17918;2200;13239;15391;1628;2442;13077;13204;15080;
2302;10;18454;19454;4987;4670;15263;12560;17390;7094;9162;8965;17758;6878;19043;3154;4179;11907;16896;972;7870;14515;18890;6422;7754;10634;4402;6548;3711;13958;1628;2366;13968;16434;1820;18956;17456;13435;7868;11199;529;13382;164;14640;260;15559;17794;792;7466;11042;
1764;11688;5557;17007;18111;9663;7641;2513;16211;7704;12824;14192;10070;6792;10626;8242;2100;4435;1678;6321;15634;2207;16055;15798;16847;16316;11357;10993;13460;15176;2035;15224;6864;3944;8583;4975;13607;16224;3841;6171;3929;13017;363;10351;19809;7341;18594;18262;11776;272;
935;7410;2479;16990;19560;15679;9658;10918;3024;3118;6094;1412;14695;12958;5356;3278;14286;15316;19503;14479;17839;19784;7496;18202;10135;3657;5543;8729;1919;13672;5353;19206;1082;4185;16197;643;19864;5855;7913;2888;5326;10359;4300;21;19669;6009;3299;13955;17677;19154;
4786;15516;15290;12282;10070;1778;15940;11965;6859;14211;5637;12213;13418;3072;16398;5967;3715;12614;11822;7980;11854;13500;18339;12507;13521;18008;18516;13173;8316;12545;8679;13102;8061;3970;5385;18131;2100;17677;6448;8959;11888;12086;1172;1658;15158;13922;7625;15225;6536;15800;
3205;18391;9300;1544;10898;19174;15904;5766;12347;4220;18311;17378;13675;2724;17700;15412;17207;19800;13089;3655;8760;1329;15741;6284;2988;7251;207;6965;2476;6743;19117;5681;5134;4770;3577;12384;3944;15834;18150;12643;16406;16461;10021;10081;19185;4074;5493;16392;3874;18582;
16400;12634;16264;12141;18919;19252;19393;19126;2569;18221;2221;1687;255;7356;6457;3832;19740;6753;19666;14243;19396;12425;10704;5769;2506;6242;9843;4352;18986;13718;19286;15386;2704;15550;3880;17975;11154;19625;13453;13724;17846;15675;15411;18101;19383;18220;18286;15475;4973;14304;
9718;721;6729;16775;6490;9236;19369;16334;13588;14707;6404;12874;6446;9108;4777;10326;3436;15931;6303;16889;9655;4149;8916;1418;18603;8299;19638;16889;127;963;11193;6197;1684;17923;19324;4527;3511;18693;861;13451;13401;3617;2677;19847;12725;7454;6525;12513;3386;12828;
9403;13041;13329;18319;10812;11932;2971;6802;8821;3098;7766;16367;5647;5802;10642;4972;10329;10505;3665;7542;3956;13418;11159;2985;9617;237;10440;12494;12750;10178;1674;18505;19571;15004;16825;10383;6936;16148;17186;12110;15598;1304;4829;1245;3458;15471;6217;10140;5976;6235;
17682;6284;19653;5194;9269;5623;1783;16061;18117;14533;6239;19792;9391;5811;11148;2568;16194;18084;18716;9732;6546;14314;7388;11375;15559;10847;3198;18129;987;5526;4364;18669;11810;369;215;17432;2344;1998;13493;16814;12884;16085;16606;2275;1896;4106;1195;14442;2190;19911;
527;5089;10577;7915;12816;2488;18762;16015;617;19749;1541;1333;14771;9704;18055;11338;7136;399;9689;16981;17213;2573;13066;10171;1200;11314;14277;2395;5757;12820;18658;6284;14261;9235;10551;7077;11723;9314;19444;8693;5415;986;10026;16538;7042;4433;7877;10530;4833;17566;
7511;18398;16491;16930;8570;17691;8244;19199;16438;10353;12019;11448;12989;6280;683;19893;13358;8758;9207;9154;17451;10974;6492;3830;7513;13534;8263;15390;4064;9448;9308;7928;7847;5799;1210;12769;19842;5806;11968;16280;12512;340;4080;1853;6620;4763;1746;16330;9873;7305;
5485;7325;18280;8329;7507;5793;1864;12122;1183;2280;1571;10491;6560;5770;12642;7770;14891;12484;9929;6859;5116;2441;3551;9196;646;6524;13959;2393;19206;184;9698;1043;7509;7978;9373;11368;13771;11237;3491;11306;9869;1414;18149;16430;3536;10791;552;18427;3275;10481;
1638;8391;9274;1542;17587;9921;8066;7898;12314;7272;8083;18364;8316;11944;6343;17689;19665;16466;8926;19508;4125;15147;922;2274;11577;810;9418;12130;15589;12693;18963;13579;17437;8238;15121;11376;14511;3187;15627;3177;10460;62;1541;18776;12006;4236;12817;8023;17055;18095;
7531;1180;13242;8453;19806;4820;5615;9224;13302;1204;18270;12265;14784;12059;16855;9905;3435;7718;9445;19062;10895;19905;15476;8789;15033;3835;9377;7850;11858;6432;5945;19390;3964;19187;4195;3771;359;9811;9347;13661;7367;7617;2279;18503;19676;15486;4761;19464;19557;14206;
18526;6804;10463;10355;15593;1848;14190;1323;9698;6048;7755;11995;5438;8072;7534;5986;11843;4246;12149;1190;17907;19516;5160;16538;18020;4836;8377;19133;4300;4286;13339;19179;11090;154;9534;3036;2002;76;4359;11700;6124;8466;47;7915;16538;3933;13901;4733;8179;6050;
5924;2439;1918;7436;15329;16290;12272;3706;15423;12925;7992;5114;8456;19083;5268;17990;18471;7270;14418;2830;15322;542;11296;15369;4809;7835;19303;15062;12568;3834;17464;14844;6273;19383;18632;1603;15673;10905;5309;7449;182;9654;12563;8638;5089;17832;2980;3560;5102;17398;
6390;16777;17940;14038;12146;19102;18225;7801;14164;7146;11636;11629;18342;17909;7364;16975;15864;3037;7880;1174;6838;4414;7180;19402;13052;8621;13586;16032;12181;15040;9782;14923;11817;4074;5313;316;3176;3539;4469;17341;10685;16105;5322;9027;10367;12686;6002;6231;12075;10234;
3757;18914;11000;7289;14668;4052;15910;8254;16436;4443;19646;2570;15718;11464;6645;1032;8132;9821;4571;12601;3514;11608;5059;5188;16987;11778;17874;19342;14361;9950;5928;14471;5216;16929;1760;16236;17333;14023;4490;10122;18466;488;12692;14185;8304;19337;11569;16436;5511;12492;
5390;9025;452;10449;14214;17439;18579;8440;16781;12940;14742;19062;7411;16310;15991;5524;12546;13324;19547;13388;3446;18013;13877;12491;8550;2181;11828;16471;14970;17339;8963;360;2717;9415;7161;13283;3207;5740;1723;16340;15032;12818;15402;2444;9128;11393;7968;1675;1070;3867;
15063;868;18232;5292;13359;3135;7474;5188;19606;18796;18879;4922;19156;1596;10689;2669;11231;13896;8409;12955;10237;19793;2125;5639;2237;11253;17033;6557;9280;14455;6776;696;15323;5009;5988;8683;8144;9814;10223;7750;8610;9102;9024;4118;10699;19714;6787;1930;13610;11548;
11237;199;11342;9714;5839;9931;968;19224;12841;6600;13679;19617;7296;5354;4626;13285;14037;12770;19451;4260;16873;8062;13363;2249;12180;414;1963;15320;18696;11926;6868;6286;12125;14562;16000;17964;4494;13320;13540;17335;16273;3571;16952;3569;8926;17931;13206;2963;10701;12658;
3576;3926;17072;13291;6176;5604;10057;4491;924;8753;16417;7793;11391;8543;18707;3744;2859;3201;17064;12752;536;13337;16323;13841;13259;5249;11772;2817;4565;18825;15475;4493;19104;8899;17784;1632;14504;7841;6123;15428;12946;2541;19573;690;7436;18281;4434;6647;1482;17850;
19399;18371;7540;15723;8564;799;17324;336;3616;1889;15513;15444;6382;14617;4343;518;16249;18847;4711;2373;10628;14010;1266;10201;14700;5054;4834;15486;11701;6317;13336;11101;1040;876;3176;9604;18027;500;6292;17996;18742;1805;13440;5124;12775;14135;1995;5376;9335;6706;
7749;19963;716;5367;6516;11768;10421;11351;7254;18475;14020;591;9576;11412;17819;9104;17368;12199;9604;12;10195;8346;18169;19987;9823;10944;10474;11818;16321;19809;14876;422;16124;15593;2142;18993;3713;12563;6696;10968;7390;716;7911;16966;8480;2082;6070;5848;14281;12027;
5860;4476;373;4029;815;6548;11326;11290;18366;3999;7451;9595;4421;3576;5188;6563;2569;5253;15479;9265;16221;2869;6333;484;16188;11165;2567;18610;17013;13200;10637;19225;14029;7363;19606;14844;13911;7284;6134;8630;11283;13586;18225;12057;13514;19765;18620;12435;5018;10451;
18052;17592;9673;4385;14428;5861;11902;13347;823;5267;6548;11461;4492;577;15176;450;11773;5439;7735;17908;10421;15370;7846;4998;7427;17712;4763;2400;10147;6134;12851;8199;78;18876;8936;14506;4737;838;4206;1913;6105;10754;13374;6949;7683;4902;7399;19456;10341;11486;
13716;17115;3209;17914;2113;10636;15626;3229;13036;5773;5715;2240;13972;5793;1116;19260;16651;2206;98;857;4119;2555;7963;13845;9504;11998;15099;13256;11455;5440;4742;1523;18907;4303;19438;1021;14940;15064;4250;4328;838;9965;2920;11162;12110;4037;10423;5113;2595;6873;
2323;6714;9429;10286;16911;18933;2285;12010;12189;10092;13802;13284;11615;12710;13939;11053;13731;8879;2470;14333;9560;3308;650;12480;10822;12760;12869;17597;17873;15464;823;16548;2178;10252;6835;15441;5537;5472;7451;14079;15564;1254;3715;7179;13964;17654;14585;4047;2886;17055;
14732;12446;16715;15382;4926;3889;4494;17796;1487;18719;13260;2310;15268;11791;8914;18455;3584;14451;3927;11036;4882;19491;8642;8597;3022;18958;6252;13959;3005;9138;7366;14089;1584;4081;9471;2862;4323;10317;17010;2162;9036;10271;824;656;18414;9738;19111;1998;541;3038;
