End_Snr_Work;End_ymS_Work;End_yUO_WorkTime;End_eLh_Work;End_GtD_Work;End_suD_Work;End_LQn_Work;End_rpT_Work;End_bgS_WorkTime;End_TkK_Work;
15737;2187;10441;11987;7085;8623;844;7601;14792;12625;
8041;165;9072;11381;12862;10840;16035;18974;17041;16704;
15394;3417;2776;7546;8851;12279;9452;11597;14904;6792;
16576;10641;8979;3370;18980;12416;11993;19824;17;3137;
8802;4411;3302;17874;15792;12517;5066;8179;11491;2107;
1236;3238;5524;4012;10784;10727;12644;16588;2325;7548;
3381;15253;14541;12360;18623;13522;4777;10617;13346;1146;
13754;2148;5557;13409;16374;1350;5926;1440;5881;13769;
3547;7117;17007;5424;7482;7792;16151;126;4380;14828;
4026;7761;10082;18567;16474;8705;12089;1251;15674;5436;
2397;9429;3936;4307;2838;311;5657;5116;1751;7890;
18885;1651;11360;15893;3427;18842;37;15930;15320;4417;
10759;19346;8531;17193;14265;5005;2250;6355;2608;17925;
8143;1357;7354;12079;5664;6544;8742;7673;11660;6846;
15564;6897;4849;3276;2790;8276;2118;19179;558;13790;
3597;7669;9488;8480;4862;3753;9837;7113;6460;8797;
5038;10955;10154;8744;3035;12171;15288;8129;19844;3300;
14975;11760;10197;16176;15036;9340;804;13506;8519;1363;
3648;8468;9032;13136;13300;13895;13242;19489;17360;16054;
8286;2398;7010;18441;7494;6397;10612;2782;14526;6808;
2434;5854;18569;8983;2030;9957;14675;2835;3464;19547;
550;7112;4367;9582;16601;17668;19829;6195;17157;17189;
2249;1796;15939;5611;237;3433;12008;7201;2567;2887;
10361;5001;5093;5282;10337;7123;15240;5012;6310;15056;
911;6860;18520;5279;12795;15121;19299;12624;17668;12808;
9814;16270;14604;5753;1881;11193;9187;10242;14746;11754;
13129;5108;13108;18222;10390;3445;1697;5630;4809;4360;
17038;2073;7572;15559;3704;367;7032;3003;12992;4701;
15811;19158;17323;6768;4911;19204;17961;10450;5798;12708;
18557;18927;17816;11665;13501;4558;11462;11551;6541;12623;
15911;3579;11048;3483;15490;14752;203;2523;17755;13195;
3576;9919;8705;899;16687;9968;16455;11000;419;2254;
3708;15328;17533;17876;3345;7387;18787;14807;18938;5328;
3782;11201;5259;14831;11036;750;9583;11239;19625;3691;
786;3201;9962;5843;452;6649;15812;16907;14001;12583;
15513;14062;7911;9399;8290;11256;16786;7077;2415;12076;
8757;2549;19629;10369;17380;7017;11119;3316;14609;7096;
7007;15395;10297;16969;17591;10749;19970;13403;4008;13971;
5986;19522;4385;10249;8921;12676;17857;2059;16105;16624;
10487;1215;19173;10116;11584;16554;17133;19055;16222;11742;
6151;19581;3490;16448;16550;1081;3549;12872;10836;7557;
3195;16822;3431;7581;3423;8704;16609;1280;10763;12714;
17904;1250;10281;13429;7718;1865;6335;4852;920;2557;
12946;3423;2138;16436;16223;15040;13869;19772;7912;4705;
3682;11108;17879;3465;15041;1302;12170;8002;18934;2933;
716;13190;536;10998;6620;8254;9215;12955;13106;6488;
11865;2405;9911;10355;18841;2487;5396;12711;18611;13308;
13768;2293;768;11648;5759;12161;12950;17929;163;8237;
17214;17232;1427;17750;4582;4399;2357;13797;13707;11815;
16637;5572;14220;6549;15927;9414;5388;17675;18477;3999;
7336;12245;6293;8104;3893;8404;16618;13196;2685;16781;
1433;16251;10365;2860;10354;14947;3612;12711;5097;17319;
4526;1734;19243;15099;4635;11522;4513;10023;9198;2990;
14023;16534;15235;16668;990;15481;1424;17608;8677;4109;
10742;10110;16712;17459;9322;7066;12407;12934;16129;13856;
6605;17008;15590;5848;12107;16578;13723;12972;2953;2921;
15962;16976;15807;7549;9996;16797;3030;11420;10758;11707;
11881;17852;1817;8594;15311;7492;12012;4070;426;8142;
17926;3384;5150;9869;5584;13609;2799;19307;6581;5752;
18580;2543;19081;14387;10092;9077;11185;9475;16850;18295;
1182;5083;16147;19352;10029;7810;6844;2042;8233;3622;
6536;6159;7006;11686;12380;12591;5295;15179;8250;11876;
17284;6831;10771;16365;1218;17215;1794;8755;6690;14996;
3402;4225;80;15901;3577;10109;3712;6773;8503;11945;
10395;15039;14456;13754;6725;3189;6345;8372;18368;10947;
248;12004;17778;7371;8369;18997;4587;6516;4104;11277;
1512;7507;11854;17944;3408;15431;8054;3472;18556;12909;
15417;8952;7949;6226;2706;11026;9415;5403;19399;4135;
16350;15999;16140;10481;3371;861;5830;4310;7377;9934;
11939;5242;13793;3794;3186;13554;19225;7592;17026;14134;
502;8796;3086;8451;11374;2144;19477;789;3899;15228;
4924;16601;11228;17416;7082;10951;14630;12912;15261;18359;
19199;7200;3601;12992;7346;6788;2898;2924;10732;19925;
17058;11234;5073;144;19685;16447;18640;15515;13588;2539;
7095;14864;19140;18323;12281;6223;5626;3263;15487;17239;
1622;14686;792;5224;7679;8138;8364;6929;11062;19096;
6854;8120;6683;8279;4616;2720;1078;3256;18235;14666;
5795;5331;9531;1288;6;18164;3863;1985;1427;19350;
