Data_Eie_Experiment;Data_bCx_Experiment;Data_XtZ_Experiment;Data_lup_Experiment;Data_ovb_Experiment;Data_Ves_Experiment;Data_RfD_Experiment;Data_CRZ_Experiment;Data_oUJ_Experiment;Data_ymn_Experiment;
12685;409;4147;1668;11671;19839;3329;8216;7758;1859;
2976;4266;10571;14234;4801;17862;9751;5102;8516;15353;
19873;18579;12536;19610;15554;12617;18630;18605;19518;5524;
7092;12203;2286;11239;13872;10309;7430;13553;18525;15188;
11764;17853;19454;2335;8439;4255;16549;18190;5710;5065;
9895;5583;3644;2431;5193;15551;11401;175;10508;10919;
2052;17600;3122;4338;8839;13346;14647;12622;6899;9524;
7810;18664;7377;3617;17351;15816;7872;13901;10358;9934;
18966;253;15517;18963;19037;17063;10866;10438;17238;1374;
1357;15642;15327;831;19980;4166;14178;10979;16788;1077;
503;951;19741;4232;4568;17093;16400;8792;7346;6758;
18727;2664;7012;14244;1627;2401;11307;8845;12839;4898;
6572;10548;540;1899;11379;16873;2417;5557;7852;15558;
2987;8356;16509;19080;8940;17429;16173;5341;6221;19871;
8451;4948;2536;11815;15545;515;14216;3204;9361;7055;
4454;15933;17603;1347;14184;5335;18220;16601;10892;6072;
8511;10231;10780;5020;9312;16073;18801;1837;1414;5023;
1709;6217;6323;4245;18033;18220;4760;12249;1425;10473;
19305;2231;2758;13260;3578;16942;18595;1798;9896;5840;
4223;18407;16071;11355;19780;5383;7428;18581;7221;5194;
19956;8930;11412;6280;9527;9445;852;14287;18046;2277;
4761;17351;4509;7519;6964;8087;814;5559;6238;10710;
11399;6813;5469;7471;18168;5249;9206;1949;183;16427;
3495;139;1709;11259;2771;11236;704;19976;1876;18751;
2253;2989;12454;3114;6860;19418;7554;7674;1330;10144;
14736;9081;16957;206;12904;15125;1807;2111;13426;18342;
14890;16922;14834;12952;8181;13957;540;5238;13933;2416;
341;12539;5405;9147;15653;8618;4918;19559;16292;6248;
9703;7381;11681;3012;3939;4586;14490;2098;6697;7916;
441;17939;1190;15275;10891;9372;5584;11432;10962;19518;
10200;11303;12057;11958;16802;4062;576;1720;3622;16868;
4320;9677;601;16002;12690;4540;588;7180;2991;3637;
11448;3432;1576;12639;15059;8820;18363;643;16604;9325;
16513;6804;16980;8570;18762;13782;12633;19338;15503;12607;
12559;16175;18636;13160;12177;11326;14053;9117;14858;17044;
12754;6307;16828;10683;15298;8239;19503;13661;5234;16107;
2986;1748;2911;19966;10318;18026;13748;19303;17364;5603;
11910;9923;1779;10547;19436;10308;18225;9841;19426;9436;
6885;8532;15743;65;19215;11041;8304;18718;1054;13538;
11177;4040;11638;10441;4006;18309;8467;14106;17612;2183;
16062;5875;8459;14193;12774;7895;4501;10999;17736;279;
16787;973;8812;12530;17390;8027;19923;2046;3098;977;
11936;10627;1369;3575;1068;1727;1884;5887;12186;19496;
8071;8248;1723;16530;2441;14497;777;3294;1849;14865;
3574;18636;15838;12386;7519;9580;16765;3794;11626;19863;
1124;3562;6843;2493;7137;4263;4221;9021;10151;12759;
4870;14574;1007;6593;7456;19800;17443;8233;19446;19292;
3098;19372;14280;15288;8110;1799;4868;4876;5594;12846;
1091;6718;16408;7934;5563;19898;12198;6136;5271;18701;
18895;10141;13275;16254;13087;17083;12406;6882;5316;11853;
6174;4766;11225;454;16406;19336;18606;17626;564;4200;
10472;18007;7270;6880;5942;9185;6778;14492;15322;8402;
9545;14217;18543;19172;6824;7982;16255;19230;14864;17923;
7435;17390;2689;18661;17845;15447;14349;12803;13073;11265;
17003;3545;9272;625;6777;11566;9810;9908;2410;5132;
18310;11955;15702;13205;11127;18878;17540;3734;18108;12404;
1657;5544;6147;4346;557;344;16145;11258;13147;9218;
18875;10150;9115;8147;7127;15893;16066;16937;2153;18476;
18422;16815;6784;10476;10020;14263;9354;7560;17998;7462;
16317;19655;9358;2464;354;6267;2808;16499;17525;12307;
5718;16400;18809;14833;900;5936;7078;13318;19225;5583;
11794;13999;2398;14930;4475;8771;9194;13829;16331;7192;
17644;9000;3199;3354;7816;3553;9622;6976;16405;3499;
19283;18475;16252;18092;9660;13504;380;16739;6822;19606;
18674;14968;13605;1073;9899;14433;9844;15445;4614;2527;
18989;2258;7880;2188;1965;15696;2094;7939;19025;18499;
11438;18308;16974;4042;12753;6634;17546;9485;19725;4368;
5443;18400;19337;19049;15825;5588;9834;5669;1033;14448;
8196;22;13059;16076;18562;15024;8125;656;2963;7150;
15507;10753;1810;12481;14796;10915;15468;12342;401;15193;
13063;5844;9945;8752;1245;5770;14340;11079;11439;11725;
1880;15988;11747;14939;8416;10309;6315;12893;7318;9278;
16395;2825;31;14558;15307;11179;5473;7127;3522;2226;
18672;12937;8071;8618;1689;5668;10740;16029;13100;18532;
7754;14980;10872;15853;9919;15640;2514;16234;8534;9832;
1864;4929;12658;18247;19487;4317;9427;1313;11444;9301;
3539;6468;2238;7962;11438;3927;13631;2179;16308;6731;
711;4062;18063;11583;16267;7982;7223;18781;568;12109;
8614;2432;13391;17624;17031;9230;1941;6458;10543;9737;
12111;10435;16205;14349;18397;7644;18276;8380;6175;10936;
15111;6886;14998;13174;14821;7617;17508;18396;6399;18076;
10506;15013;16860;3897;12637;13892;13127;10930;16702;23;
17019;8814;10458;9576;19515;8855;17220;14144;13588;19747;
5080;8699;6633;16431;18226;17806;4048;12086;16203;10447;
6515;3061;5460;3375;6958;14449;13619;16437;1731;6674;
